3 2
4 2
7 2
8 2
11 2
12 2
15 2
16 2
19 2
20 2
23 2
24 2
27 2
28 2
31 2
32 2
35 2
36 2
39 2
40 2
3 3
4 3
7 3
8 3
11 3
12 3
15 3
16 3
19 3
20 3
23 3
24 3
27 3
28 3
31 3
32 3
35 3
36 3
39 3
40 3
3 6
4 6
7 6
8 6
11 6
12 6
15 6
16 6
19 6
20 6
23 6
24 6
27 6
28 6
31 6
32 6
35 6
36 6
39 6
40 6
3 7
4 7
7 7
8 7
11 7
12 7
15 7
16 7
19 7
20 7
23 7
24 7
27 7
28 7
31 7
32 7
35 7
36 7
39 7
40 7
3 10
4 10
7 10
8 10
11 10
12 10
15 10
16 10
19 10
20 10
23 10
24 10
27 10
28 10
31 10
32 10
35 10
36 10
39 10
40 10
3 11
4 11
7 11
8 11
11 11
12 11
15 11
16 11
19 11
20 11
23 11
24 11
27 11
28 11
31 11
32 11
35 11
36 11
39 11
40 11
3 14
4 14
7 14
8 14
11 14
12 14
15 14
16 14
19 14
20 14
23 14
24 14
27 14
28 14
31 14
32 14
35 14
36 14
39 14
40 14
3 15
4 15
7 15
8 15
11 15
12 15
15 15
16 15
19 15
20 15
23 15
24 15
27 15
28 15
31 15
32 15
35 15
36 15
39 15
40 15
3 18
4 18
7 18
8 18
11 18
12 18
15 18
16 18
19 18
20 18
23 18
24 18
27 18
28 18
31 18
32 18
35 18
36 18
39 18
40 18
3 19
4 19
7 19
8 19
11 19
12 19
15 19
16 19
19 19
20 19
23 19
24 19
27 19
28 19
31 19
32 19
35 19
36 19
39 19
40 19
3 22
4 22
7 22
8 22
11 22
12 22
15 22
16 22
19 22
20 22
23 22
24 22
27 22
28 22
31 22
32 22
35 22
36 22
39 22
40 22
3 23
4 23
7 23
8 23
11 23
12 23
15 23
16 23
19 23
20 23
23 23
24 23
27 23
28 23
31 23
32 23
35 23
36 23
39 23
40 23
3 26
4 26
7 26
8 26
11 26
12 26
15 26
16 26
19 26
20 26
23 26
24 26
27 26
28 26
31 26
32 26
35 26
36 26
39 26
40 26
3 27
4 27
7 27
8 27
11 27
12 27
15 27
16 27
19 27
20 27
23 27
24 27
27 27
28 27
31 27
32 27
35 27
36 27
39 27
40 27
3 30
4 30
7 30
8 30
11 30
12 30
15 30
16 30
19 30
20 30
23 30
24 30
27 30
28 30
31 30
32 30
35 30
36 30
39 30
40 30
3 31
4 31
7 31
8 31
11 31
12 31
15 31
16 31
19 31
20 31
23 31
24 31
27 31
28 31
31 31
32 31
35 31
36 31
39 31
40 31
3 34
4 34
7 34
8 34
11 34
12 34
15 34
16 34
19 34
20 34
23 34
24 34
27 34
28 34
31 34
32 34
35 34
36 34
39 34
40 34
3 35
4 35
7 35
8 35
11 35
12 35
15 35
16 35
19 35
20 35
23 35
24 35
27 35
28 35
31 35
32 35
35 35
36 35
39 35
40 35
3 38
4 38
7 38
8 38
11 38
12 38
15 38
16 38
19 38
20 38
23 38
24 38
27 38
28 38
31 38
32 38
35 38
36 38
39 38
40 38
43 38
44 38
3 39
4 39
7 39
8 39
11 39
12 39
15 39
16 39
19 39
20 39
23 39
24 39
27 39
28 39
31 39
32 39
35 39
36 39
39 39
40 39
43 39
44 39
3 42
4 42
7 42
8 42
11 42
12 42
15 42
16 42
19 42
20 42
23 42
24 42
27 42
28 42
31 42
32 42
35 42
36 42
39 42
40 42
43 42
44 42
47 42
48 42
3 43
4 43
7 43
8 43
11 43
12 43
15 43
16 43
19 43
20 43
23 43
24 43
27 43
28 43
31 43
32 43
35 43
36 43
39 43
40 43
43 43
44 43
47 43
48 43
3 46
4 46
7 46
8 46
11 46
12 46
15 46
16 46
19 46
20 46
23 46
24 46
27 46
28 46
31 46
32 46
35 46
36 46
39 46
40 46
43 46
44 46
47 46
48 46
3 47
4 47
7 47
8 47
11 47
12 47
15 47
16 47
19 47
20 47
23 47
24 47
27 47
28 47
31 47
32 47
35 47
36 47
39 47
40 47
43 47
44 47
47 47
48 47